## Floor 0
### Walls
11 0 5.05 0 -90 0 1 1 1   0
7 0 5.05 0 -90 0 1 1 1   0
5.95 0 5 0 180 0 1 1 1   0
5.95 0 6 0 180 0 1 1 1   0
5.95 0 7 0 180 0 1 1 1   0
5.95 0 8 0 180 0 1 1 1   0
5.95 0 9 0 180 0 1 1 1   0
5.95 0 10 0 180 0 1 1 1   0
5.95 0 11 0 180 0 1 1 1   0
5.95 0 12 0 180 0 1 1 1   0
5.95 0 13 0 180 0 1 1 1   0
5.95 0 14 0 180 0 1 1 1   0
5.95 0 15 0 180 0 1 1 1   0
5.95 0 16 0 180 0 1 1 1   0
5.95 0 17 0 180 0 1 1 1   0
9 0 7.05 0 -90 0 1 1 1   0
10 0 7.05 0 -90 0 1 1 1   0
11 0 7.05 0 -90 0 1 1 1   0
12 0 7.05 0 -90 0 1 1 1   0
2 0 7.05 0 -90 0 1 1 1   0
3 0 7.05 0 -90 0 1 1 1   0
4 0 7.05 0 -90 0 1 1 1   0
5 0 7.05 0 -90 0 1 1 1   0
6 0 7.05 0 -90 0 1 1 1   0
7 0 7.05 0 -90 0 1 1 1   0
8 0 7.05 0 -90 0 1 1 1   0
13 0 7.05 0 -90 0 1 1 1   0
9.95 0 6 0 180 0 1 1 1   0
9.95 0 7 0 180 0 1 1 1   0
9.95 0 8 0 180 0 1 1 1   0
9.95 0 9 0 180 0 1 1 1   0
7 0 11.05 0 -90 0 1 1 1   0
8 0 11.05 0 -90 0 1 1 1   0
9 0 11.05 0 -90 0 1 1 1   0
10 0 11.05 0 -90 0 1 1 1   0
11 0 11.05 0 -90 0 1 1 1   0
12 0 11.05 0 -90 0 1 1 1   0
13 0 11.05 0 -90 0 1 1 1   0
14 0 11.05 0 -90 0 1 1 1   0
3 0 8.05 0 -90 0 1 1 1   0
4 0 8.05 0 -90 0 1 1 1   0
5 0 8.05 0 -90 0 1 1 1   0
0 0 5.05 0 -90 0 1 1 1   0
1 0 5.05 0 -90 0 1 1 1   0
2 0 5.05 0 -90 0 1 1 1   0
3 0 5.05 0 -90 0 1 1 1   0
4 0 5.05 0 -90 0 1 1 1   0
5 0 5.05 0 -90 0 1 1 1   0
6 0 5.05 0 -90 0 1 1 1   0
8 0 5.05 0 -90 0 1 1 1   0
9 0 5.05 0 -90 0 1 1 1   0
10 0 5.05 0 -90 0 1 1 1   0
12 0 5.05 0 -90 0 1 1 1   0
13 0 5.05 0 -90 0 1 1 1   0
14 0 5.05 0 -90 0 1 1 1   0
6.95 0 3 0 180 0 1 1 1   0
6.95 0 4 0 180 0 1 1 1   0
6.95 0 5 0 180 0 1 1 1   0
6.95 0 6 0 180 0 1 1 1   0
6.95 0 7 0 180 0 1 1 1   0
6.95 0 8 0 180 0 1 1 1   0
6.95 0 9 0 180 0 1 1 1   0
6.95 0 10 0 180 0 1 1 1   0
6.95 0 11 0 180 0 1 1 1   0
6.95 0 12 0 180 0 1 1 1   0
6.95 0 13 0 180 0 1 1 1   0
6.95 0 14 0 180 0 1 1 1   0
6.95 0 15 0 180 0 1 1 1   0
6.95 0 16 0 180 0 1 1 1   0
6.95 0 17 0 180 0 1 1 1   0
6.95 0 18 0 180 0 1 1 1   0
13.95 0 0 0 180 0 1 1 1   0
13.95 0 1 0 180 0 1 1 1   0
13.95 0 2 0 180 0 1 1 1   0
13.95 0 3 0 180 0 1 1 1   0
13.95 0 4 0 180 0 1 1 1   0
13.95 0 5 0 180 0 1 1 1   0
13.95 0 6 0 180 0 1 1 1   0
13.95 0 7 0 180 0 1 1 1   0
13.95 0 8 0 180 0 1 1 1   0
13.95 0 9 0 180 0 1 1 1   0
13.95 0 10 0 180 0 1 1 1   0
13.95 0 11 0 180 0 1 1 1   0
13.95 0 12 0 180 0 1 1 1   0
13.95 0 13 0 180 0 1 1 1   0
13.95 0 14 0 180 0 1 1 1   0
13.95 0 15 0 180 0 1 1 1   0
15 0 5.05 0 -90 0 1 1 1   0
16 0 5.05 0 -90 0 1 1 1   0
17 0 5.05 0 -90 0 1 1 1   0
18 0 5.05 0 -90 0 1 1 1   0
19 0 5.05 0 -90 0 1 1 1   0
0 0 4.05 0 -90 0 1 1 1   0
1 0 4.05 0 -90 0 1 1 1   0
2 0 4.05 0 -90 0 1 1 1   0
3 0 4.05 0 -90 0 1 1 1   0
4 0 4.05 0 -90 0 1 1 1   0
5 0 4.05 0 -90 0 1 1 1   0
6 0 4.05 0 -90 0 1 1 1   0
7 0 4.05 0 -90 0 1 1 1   0
8 0 4.05 0 -90 0 1 1 1   0
9 0 4.05 0 -90 0 1 1 1   0
10 0 4.05 0 -90 0 1 1 1   0
11 0 4.05 0 -90 0 1 1 1   0
12 0 4.05 0 -90 0 1 1 1   0
13 0 4.05 0 -90 0 1 1 1   0
14 0 4.05 0 -90 0 1 1 1   0
15 0 4.05 0 -90 0 1 1 1   0
16 0 4.05 0 -90 0 1 1 1   0
17 0 4.05 0 -90 0 1 1 1   0
18 0 4.05 0 -90 0 1 1 1   0
19 0 4.05 0 -90 0 1 1 1   0
20 0 4.05 0 -90 0 1 1 1   0
11 0 0.05 0 -90 0 1 1 1   0
12 0 0.05 0 -90 0 1 1 1   0
13 0 0.05 0 -90 0 1 1 1   0
14 0 0.05 0 -90 0 1 1 1   0
15 0 0.05 0 -90 0 1 1 1   0
16 0 0.05 0 -90 0 1 1 1   0
17 0 0.05 0 -90 0 1 1 1   0
18 0 0.05 0 -90 0 1 1 1   0
19 0 0.05 0 -90 0 1 1 1   0
7 0 0.05 0 -90 0 1 1 1   0
8 0 0.05 0 -90 0 1 1 1   0
9 0 0.05 0 -90 0 1 1 1   0
10 0 0.05 0 -90 0 1 1 1   0
0 0 1.05 0 -90 0 1 1 1   0
1 0 1.05 0 -90 0 1 1 1   0
2 0 1.05 0 -90 0 1 1 1   0
3 0 1.05 0 -90 0 1 1 1   0
4 0 1.05 0 -90 0 1 1 1   0
5 0 1.05 0 -90 0 1 1 1   0
6 0 1.05 0 -90 0 1 1 1   0
7 0 1.05 0 -90 0 1 1 1   0
8 0 1.05 0 -90 0 1 1 1   0
9 0 1.05 0 -90 0 1 1 1   0
10 0 1.05 0 -90 0 1 1 1   0
11 0 1.05 0 -90 0 1 1 1   0
12 0 1.05 0 -90 0 1 1 1   0
13 0 1.05 0 -90 0 1 1 1   0
14 0 1.05 0 -90 0 1 1 1   0
15 0 1.05 0 -90 0 1 1 1   0
16 0 1.05 0 -90 0 1 1 1   0
17 0 1.05 0 -90 0 1 1 1   0
18 0 1.05 0 -90 0 1 1 1   0
19 0 1.05 0 -90 0 1 1 1   0
5 0 3.05 0 -90 0 1 1 1   0
6 0 3.05 0 -90 0 1 1 1   0
7 0 3.05 0 -90 0 1 1 1   0
8 0 3.05 0 -90 0 1 1 1   0
9 0 3.05 0 -90 0 1 1 1   0
10 0 3.05 0 -90 0 1 1 1   0
11 0 3.05 0 -90 0 1 1 1   0
12 0 3.05 0 -90 0 1 1 1   0
13 0 3.05 0 -90 0 1 1 1   0
14 0 3.05 0 -90 0 1 1 1   0
15 0 3.05 0 -90 0 1 1 1   0
5.95 0 2 0 180 0 1 1 1   0
5.95 0 3 0 180 0 1 1 1   0
5.95 0 4 0 180 0 1 1 1   0
0 0 13.05 0 -90 0 1 1 1   0
1 0 13.05 0 -90 0 1 1 1   0
2 0 13.05 0 -90 0 1 1 1   0
3 0 13.05 0 -90 0 1 1 1   0
4 0 13.05 0 -90 0 1 1 1   0
5 0 13.05 0 -90 0 1 1 1   0
6 0 13.05 0 -90 0 1 1 1   0
7 0 13.05 0 -90 0 1 1 1   0
8 0 13.05 0 -90 0 1 1 1   0
9 0 13.05 0 -90 0 1 1 1   0
10 0 13.05 0 -90 0 1 1 1   0
11 0 13.05 0 -90 0 1 1 1   0
12 0 13.05 0 -90 0 1 1 1   0
13 0 13.05 0 -90 0 1 1 1   0
14 0 13.05 0 -90 0 1 1 1   0
15 0 13.05 0 -90 0 1 1 1   0
16 0 13.05 0 -90 0 1 1 1   0
17 0 13.05 0 -90 0 1 1 1   0
18 0 13.05 0 -90 0 1 1 1   0
19 0 13.05 0 -90 0 1 1 1   0
10 0 14.05 0 -90 0 1 1 1   0
11 0 14.05 0 -90 0 1 1 1   0
12 0 14.05 0 -90 0 1 1 1   0
13 0 14.05 0 -90 0 1 1 1   0
14 0 14.05 0 -90 0 1 1 1   0
15 0 14.05 0 -90 0 1 1 1   0
16 0 14.05 0 -90 0 1 1 1   0
17 0 14.05 0 -90 0 1 1 1   0
18 0 14.05 0 -90 0 1 1 1   0
4 0 10.05 0 -90 0 1 1 1   0
5 0 10.05 0 -90 0 1 1 1   0
6 0 10.05 0 -90 0 1 1 1   0
7 0 10.05 0 -90 0 1 1 1   0
8 0 10.05 0 -90 0 1 1 1   0
9 0 10.05 0 -90 0 1 1 1   0
10 0 10.05 0 -90 0 1 1 1   0
5 0 9.05 0 -90 0 1 1 1   0
6 0 9.05 0 -90 0 1 1 1   0
7 0 9.05 0 -90 0 1 1 1   0
8 0 9.05 0 -90 0 1 1 1   0
9 0 9.05 0 -90 0 1 1 1   0
10 0 9.05 0 -90 0 1 1 1   0
4 0 11.05 0 -90 0 1 1 1   0
5 0 11.05 0 -90 0 1 1 1   0
6 0 11.05 0 -90 0 1 1 1   0
15 0 11.05 0 -90 0 1 1 1   0
16 0 11.05 0 -90 0 1 1 1   0
0 0 20.05 0 -90 0 1 1 1   0
1 0 20.05 0 -90 0 1 1 1   0
2 0 20.05 0 -90 0 1 1 1   0
3 0 20.05 0 -90 0 1 1 1   0
4 0 20.05 0 -90 0 1 1 1   0
5 0 20.05 0 -90 0 1 1 1   0
6 0 20.05 0 -90 0 1 1 1   0
7 0 20.05 0 -90 0 1 1 1   0
8 0 20.05 0 -90 0 1 1 1   0
9 0 20.05 0 -90 0 1 1 1   0
10 0 20.05 0 -90 0 1 1 1   0
11 0 20.05 0 -90 0 1 1 1   0
12 0 20.05 0 -90 0 1 1 1   0
13 0 20.05 0 -90 0 1 1 1   0
14 0 20.05 0 -90 0 1 1 1   0
15 0 20.05 0 -90 0 1 1 1   0
16 0 20.05 0 -90 0 1 1 1   0
17 0 20.05 0 -90 0 1 1 1   0
18 0 20.05 0 -90 0 1 1 1   0
19 0 20.05 0 -90 0 1 1 1   0
20 0 20.05 0 -90 0 1 1 1   0
21 0 20.05 0 -90 0 1 1 1   0
22 0 20.05 0 -90 0 1 1 1   0
23 0 20.05 0 -90 0 1 1 1   0
24 0 20.05 0 -90 0 1 1 1   0
25 0 20.05 0 -90 0 1 1 1   0
26 0 20.05 0 -90 0 1 1 1   0
0 0 17.05 0 -90 0 1 1 1   0
1 0 17.05 0 -90 0 1 1 1   0
2 0 17.05 0 -90 0 1 1 1   0
3 0 17.05 0 -90 0 1 1 1   0
4 0 17.05 0 -90 0 1 1 1   0
5 0 17.05 0 -90 0 1 1 1   0
6 0 17.05 0 -90 0 1 1 1   0
7 0 17.05 0 -90 0 1 1 1   0
8 0 17.05 0 -90 0 1 1 1   0
9 0 17.05 0 -90 0 1 1 1   0
10 0 17.05 0 -90 0 1 1 1   0
11 0 17.05 0 -90 0 1 1 1   0
12 0 17.05 0 -90 0 1 1 1   0
13 0 17.05 0 -90 0 1 1 1   0
14 0 17.05 0 -90 0 1 1 1   0
15 0 17.05 0 -90 0 1 1 1   0
16 0 17.05 0 -90 0 1 1 1   0
17 0 17.05 0 -90 0 1 1 1   0
18 0 17.05 0 -90 0 1 1 1   0
19 0 17.05 0 -90 0 1 1 1   0
20 0 17.05 0 -90 0 1 1 1   0
21 0 17.05 0 -90 0 1 1 1   0
22 0 17.05 0 -90 0 1 1 1   0
### Objects
